VERSION: 4
COMMENT: FeSi2(JCPDS 97-003-2401, Jade, k, k0 guessed)
K0:       150.000
K0P:       4.00000
SYMMETRY: TETRAGONAL
A:     2.684 
C:     5.128
ALPHAT:      0.000000
DIHKL:   5.1280     85.    0.00    0.00    1.00
DIHKL:   2.6840      1.    1.00    0.00    0.00
DIHKL:   2.5640      1.    0.00    0.00    2.00
DIHKL:   2.3780     73.    1.00    0.00    1.00
DIHKL:   1.8979     56.    1.00    1.00    0.00
DIHKL:   1.8540    100.    1.00    0.00    2.00
DIHKL:   1.7799      16.   1.00    1.00    1.00
DIHKL:   1.7093       9.   0.00    0.00    3.00
DIHKL:   1.5254       1.   1.00    1.00    2.00
DIHKL:   1.4418       4.   1.00    0.00    3.00
