# Nota: C-Order, 1 refers to the Y axis, 2 to the X axis 
# Calibration done at Sat Feb 21 09:28:00 2015
PixelSize1: 7.9e-05
PixelSize2: 7.9e-05
Distance: 0.196171211837
Poni1: 0.0815325481193
Poni2: 0.0820848848084
Rot1: 0.00490714466113
Rot2: -0.00207980067919
Rot3: 1.61249618769e-09
SplineFile: None
Wavelength: 3.344e-11
